# Made in Blockbench 4.12.3
mtllib Torch.mtl

o cube
v 0.5 1 0.3125
v 0.5 1 -0.3125
v 0.5 0.375 0.3125
v 0.5 0.375 -0.3125
v 0.4375 1 -0.3125
v 0.4375 1 0.3125
v 0.4375 0.375 -0.3125
v 0.4375 0.375 0.3125
vt 0.4375 1
vt 0.46875 1
vt 0.46875 0.6875
vt 0.4375 0.6875
vt 0 1
vt 0.3125 1
vt 0.3125 0.6875
vt 0 0.6875
vt 0.46875 1
vt 0.5 1
vt 0.5 0.6875
vt 0.46875 0.6875
vt 0 0.6875
vt 0.3125 0.6875
vt 0.3125 0.375
vt 0 0.375
vt 0.21875 0.0625
vt 0.1875 0.0625
vt 0.1875 0.375
vt 0.21875 0.375
vt 0.25 0.375
vt 0.21875 0.375
vt 0.21875 0.0625
vt 0.25 0.0625
vn 0 0 -1
vn 1 0 0
vn 0 0 1
vn -1 0 0
vn 0 1 0
vn 0 -1 0
usemtl m_4caf17b0-2955-e912-246f-39b034351f26
f 4/4/1 7/3/1 5/2/1 2/1/1
f 3/8/2 4/7/2 2/6/2 1/5/2
f 8/12/3 3/11/3 1/10/3 6/9/3
f 7/16/4 8/15/4 6/14/4 5/13/4
f 6/20/5 1/19/5 2/18/5 5/17/5
f 7/24/6 4/23/6 3/22/6 8/21/6
o cube
v 0.4375 0.75 0.0625
v 0.4375 0.75 -0.0625
v 0.4375 0.625 0.0625
v 0.4375 0.625 -0.0625
v 0.0625 0.75 -0.0625
v 0.0625 0.75 0.0625
v 0.0625 0.625 -0.0625
v 0.0625 0.625 0.0625
vt 0.5625 0.4375
vt 0.75 0.4375
vt 0.75 0.375
vt 0.5625 0.375
vt 0.375 0.59375
vt 0.4375 0.59375
vt 0.4375 0.53125
vt 0.375 0.53125
vt 0.59375 1
vt 0.78125 1
vt 0.78125 0.9375
vt 0.59375 0.9375
vt 0.375 0.53125
vt 0.4375 0.53125
vt 0.4375 0.46875
vt 0.375 0.46875
vt 0.78125 0.875
vt 0.59375 0.875
vt 0.59375 0.9375
vt 0.78125 0.9375
vt 0.1875 0.375
vt 0 0.375
vt 0 0.3125
vt 0.1875 0.3125
vn 0 0 -1
vn 1 0 0
vn 0 0 1
vn -1 0 0
vn 0 1 0
vn 0 -1 0
usemtl m_4caf17b0-2955-e912-246f-39b034351f26
f 12/28/7 15/27/7 13/26/7 10/25/7
f 11/32/8 12/31/8 10/30/8 9/29/8
f 16/36/9 11/35/9 9/34/9 14/33/9
f 15/40/10 16/39/10 14/38/10 13/37/10
f 14/44/11 9/43/11 10/42/11 13/41/11
f 15/48/12 12/47/12 11/46/12 16/45/12
o cube
v 0.15916696534120875 1.111377956735805 0.03457624999999995
v 0.17465829130017455 1.1093384849823669 0.03457624999999995
v 0.1422393497876708 0.9827999512763891 0.03457624999999995
v 0.1577306757466366 0.9807604795229508 0.03457624999999995
v 0.17465829130017455 1.1093384849823669 -0.018548750000000058
v 0.15916696534120878 1.111377956735805 -0.018548750000000058
v 0.1577306757466366 0.9807604795229508 -0.018548750000000058
v 0.1422393497876708 0.9827999512763891 -0.018548750000000058
vt 0.390625 0.8125
vt 0.421875 0.8125
vt 0.421875 0.75
vt 0.390625 0.75
vt 0.6875 0.875
vt 0.703125 0.875
vt 0.703125 0.8125
vt 0.6875 0.8125
vt 0.390625 0.8125
vt 0.421875 0.8125
vt 0.421875 0.75
vt 0.390625 0.75
vt 0.15625 0.3125
vt 0.171875 0.3125
vt 0.171875 0.25
vt 0.15625 0.25
vt 0.53125 0.3125
vt 0.5 0.3125
vt 0.5 0.328125
vt 0.53125 0.328125
vt 0.671875 0.46875
vt 0.640625 0.46875
vt 0.640625 0.453125
vt 0.671875 0.453125
vn 0.9914448613738104 -0.13052619222005157 9.872800494744734e-17
vn -9.957992501029598e-17 0 1
vn -0.9914448613738104 0.13052619222005157 -9.872800494744734e-17
vn 9.957992501029598e-17 0 -1
vn 0.13052619222005157 0.9914448613738104 1.2997788433152216e-17
vn -0.13052619222005157 -0.9914448613738104 -1.2997788433152216e-17
usemtl m_4caf17b0-2955-e912-246f-39b034351f26
f 20/52/13 23/51/13 21/50/13 18/49/13
f 19/56/14 20/55/14 18/54/14 17/53/14
f 24/60/15 19/59/15 17/58/15 22/57/15
f 23/64/16 24/63/16 22/62/16 21/61/16
f 22/68/17 17/67/17 18/66/17 21/65/17
f 23/72/18 20/71/18 19/70/18 24/69/18
o cube
v 0.15100907832745553 1.049412652899942 -0.01542375000000007
v 0.16650040428642132 1.0473731811465037 -0.01542375000000007
v 0.1422393497876708 0.9827999512763891 -0.01542375000000007
v 0.1577306757466366 0.9807604795229508 -0.01542375000000007
v 0.16650040428642132 1.0473731811465037 -0.02792375000000002
v 0.15100907832745553 1.049412652899942 -0.027923750000000025
v 0.1577306757466366 0.9807604795229508 -0.02792375000000002
v 0.1422393497876708 0.9827999512763891 -0.027923750000000025
vt 0.34375 0.75
vt 0.375 0.75
vt 0.375 0.6875
vt 0.34375 0.6875
vt 0.71875 0.34375
vt 0.734375 0.34375
vt 0.734375 0.3125
vt 0.71875 0.3125
vt 0.34375 0.75
vt 0.375 0.75
vt 0.375 0.6875
vt 0.34375 0.6875
vt 0.71875 0.28125
vt 0.734375 0.28125
vt 0.734375 0.25
vt 0.71875 0.25
vt 0.765625 0.546875
vt 0.75 0.546875
vt 0.75 0.5625
vt 0.765625 0.5625
vt 0.484375 0.375
vt 0.46875 0.375
vt 0.46875 0.359375
vt 0.484375 0.359375
vn 0.9914448613738104 -0.13052619222005157 9.872800494744734e-17
vn -9.957992501029598e-17 0 1
vn -0.9914448613738104 0.13052619222005157 -9.872800494744734e-17
vn 9.957992501029598e-17 0 -1
vn 0.13052619222005157 0.9914448613738104 1.2997788433152216e-17
vn -0.13052619222005157 -0.9914448613738104 -1.2997788433152216e-17
usemtl m_4caf17b0-2955-e912-246f-39b034351f26
f 28/76/19 31/75/19 29/74/19 26/73/19
f 27/80/20 28/79/20 26/78/20 25/77/20
f 32/84/21 27/83/21 25/82/21 30/81/21
f 31/88/22 32/87/22 30/86/22 29/85/22
f 30/92/23 25/91/23 26/90/23 29/89/23
f 31/96/24 28/95/24 27/94/24 32/93/24
o cube
v 0.15944730287143466 1.1135056880690688 0.03499551499279889
v 0.174938628677339 1.111466215153014 0.03499551409233906
v 0.14257599858467304 0.985355473402331 0.05778683071902504
v 0.15806732439057736 0.9833160004862761 0.05778682981856521
v 0.17437198625095862 1.107162151978696 0.010375320012029558
v 0.15888066044505428 1.109201624894751 0.01037532091248939
v 0.15750068196419698 0.9790119373119581 0.033166635738255706
v 0.14200935615829266 0.981051410228013 0.03316663663871554
vt 0.34375 0.75
vt 0.375 0.75
vt 0.375 0.6875
vt 0.34375 0.6875
vt 0.34375 0.75
vt 0.375 0.75
vt 0.375 0.6875
vt 0.34375 0.6875
vt 0.34375 0.75
vt 0.375 0.75
vt 0.375 0.6875
vt 0.34375 0.6875
vt 0.34375 0.75
vt 0.375 0.75
vt 0.375 0.6875
vt 0.34375 0.6875
vt 0.59375 0.703125
vt 0.578125 0.703125
vt 0.578125 0.71875
vt 0.59375 0.71875
vt 0.53125 0.34375
vt 0.515625 0.34375
vt 0.515625 0.328125
vt 0.53125 0.328125
vn 0.9914448515778774 -0.1305262666275165 -5.762942918360882e-8
vn 0.022665697055215418 0.17216252697271753 0.9848077632123792
vn -0.9914448515778774 0.1305262666275165 5.762942918360882e-8
vn -0.022665697055215418 -0.17216252697271753 -0.9848077632123792
vn 0.12854327075627894 0.9763825879370498 -0.17364811981886571
vn -0.12854327075627894 -0.9763825879370498 0.17364811981886571
usemtl m_4caf17b0-2955-e912-246f-39b034351f26
f 36/100/25 39/99/25 37/98/25 34/97/25
f 35/104/26 36/103/26 34/102/26 33/101/26
f 40/108/27 35/107/27 33/106/27 38/105/27
f 39/112/28 40/111/28 38/110/28 37/109/28
f 38/116/29 33/115/29 34/114/29 37/113/29
f 39/120/30 36/119/30 35/118/30 40/117/30
o cube
v 0.15944730287143466 1.108723646561094 -0.0036765722782953723
v 0.174938628677339 1.1068051363887064 -0.004368503267461649
v 0.14257599858467304 0.9804417135914233 -0.02571443209336067
v 0.15806732439057739 0.9785232034190359 -0.026406363082526946
v 0.1743719862509586 1.1111092210481952 -0.028988693591758093
v 0.15888066044505428 1.1130277312205825 -0.02829676260259182
v 0.15750068196419698 0.9828272880785246 -0.0510265534068234
v 0.14200935615829266 0.984745798250912 -0.05033462241765711
vt 0.34375 0.75
vt 0.375 0.75
vt 0.375 0.6875
vt 0.34375 0.6875
vt 0.671875 0.5625
vt 0.6875 0.5625
vt 0.6875 0.5
vt 0.671875 0.5
vt 0.34375 0.75
vt 0.375 0.75
vt 0.375 0.6875
vt 0.34375 0.6875
vt 0.484375 0.375
vt 0.5 0.375
vt 0.5 0.3125
vt 0.484375 0.3125
vt 0.59375 0.703125
vt 0.578125 0.703125
vt 0.578125 0.71875
vt 0.59375 0.71875
vt 0.5 0.359375
vt 0.484375 0.359375
vt 0.484375 0.34375
vt 0.5 0.34375
vn 0.9914448515778774 -0.12278465103279222 -0.04428358330664153
vn 0.022665697055215407 -0.17216338637955028 0.984807612971857
vn -0.9914448515778774 0.12278465103279222 0.04428358330664153
vn -0.022665697055215407 0.17216338637955028 -0.984807612971857
vn 0.12854327075627892 0.9773861559593942 0.16790750335287838
vn -0.12854327075627892 -0.9773861559593942 -0.16790750335287838
usemtl m_4caf17b0-2955-e912-246f-39b034351f26
f 44/124/31 47/123/31 45/122/31 42/121/31
f 43/128/32 44/127/32 42/126/32 41/125/32
f 48/132/33 43/131/33 41/130/33 46/129/33
f 47/136/34 48/135/34 46/134/34 45/133/34
f 46/140/35 41/139/35 42/138/35 45/137/35
f 47/144/36 44/143/36 43/142/36 48/141/36
o cube
v -0.0194925 1.111377956735805 0.14374321534120876
v -0.019492499999999992 1.1093384849823669 0.15923454130017456
v -0.0194925 0.9827999512763891 0.12681559978767082
v -0.019492499999999992 0.9807604795229508 0.14230692574663661
v 0.0336325 1.1093384849823669 0.15923454130017456
v 0.0336325 1.111377956735805 0.14374321534120876
v 0.0336325 0.9807604795229508 0.14230692574663661
v 0.033632499999999996 0.9827999512763891 0.12681559978767082
vt 0.390625 0.8125
vt 0.421875 0.8125
vt 0.421875 0.75
vt 0.390625 0.75
vt 0.65625 0.875
vt 0.671875 0.875
vt 0.671875 0.8125
vt 0.65625 0.8125
vt 0.390625 0.8125
vt 0.421875 0.8125
vt 0.421875 0.75
vt 0.390625 0.75
vt 0.34375 0.75
vt 0.375 0.75
vt 0.375 0.6875
vt 0.34375 0.6875
vt 0.53125 0.3125
vt 0.5 0.3125
vt 0.5 0.328125
vt 0.53125 0.328125
vt 0.59375 0.765625
vt 0.5625 0.765625
vt 0.5625 0.75
vt 0.59375 0.75
vn 1.2141697760125282e-16 -0.13052619222005157 0.9914448613738104
vn -1 3.0814879110195774e-33 1.2246467991473532e-16
vn -1.2141697760125282e-16 0.13052619222005157 -0.9914448613738104
vn 1 -3.0814879110195774e-33 -1.2246467991473532e-16
vn 1.5984848350717833e-17 0.9914448613738104 0.13052619222005157
vn -1.5984848350717833e-17 -0.9914448613738104 -0.13052619222005157
usemtl m_4caf17b0-2955-e912-246f-39b034351f26
f 52/148/37 55/147/37 53/146/37 50/145/37
f 51/152/38 52/151/38 50/150/38 49/149/38
f 56/156/39 51/155/39 49/154/39 54/153/39
f 55/160/40 56/159/40 54/158/40 53/157/40
f 54/164/41 49/163/41 50/162/41 53/161/41
f 55/168/42 52/167/42 51/166/42 56/165/42
o cube
v 0.030507500000000007 1.049412652899942 0.13558532832745557
v 0.030507500000000014 1.0473731811465037 0.15107665428642134
v 0.030507500000000007 0.9827999512763891 0.12681559978767082
v 0.030507500000000014 0.9807604795229508 0.14230692574663661
v 0.04300750000000002 1.0473731811465037 0.15107665428642134
v 0.04300750000000002 1.049412652899942 0.13558532832745557
v 0.04300750000000002 0.9807604795229508 0.14230692574663661
v 0.04300750000000002 0.9827999512763891 0.12681559978767082
vt 0.34375 0.75
vt 0.375 0.75
vt 0.375 0.6875
vt 0.34375 0.6875
vt 0.71875 0.53125
vt 0.734375 0.53125
vt 0.734375 0.5
vt 0.71875 0.5
vt 0.34375 0.75
vt 0.375 0.75
vt 0.375 0.6875
vt 0.34375 0.6875
vt 0.34375 0.75
vt 0.375 0.75
vt 0.375 0.6875
vt 0.34375 0.6875
vt 0.765625 0.703125
vt 0.75 0.703125
vt 0.75 0.71875
vt 0.765625 0.71875
vt 0.5625 0.8125
vt 0.546875 0.8125
vt 0.546875 0.796875
vt 0.5625 0.796875
vn 1.2141697760125282e-16 -0.13052619222005157 0.9914448613738104
vn -1 3.0814879110195774e-33 1.2246467991473532e-16
vn -1.2141697760125282e-16 0.13052619222005157 -0.9914448613738104
vn 1 -3.0814879110195774e-33 -1.2246467991473532e-16
vn 1.5984848350717833e-17 0.9914448613738104 0.13052619222005157
vn -1.5984848350717833e-17 -0.9914448613738104 -0.13052619222005157
usemtl m_4caf17b0-2955-e912-246f-39b034351f26
f 60/172/43 63/171/43 61/170/43 58/169/43
f 59/176/44 60/175/44 58/174/44 57/173/44
f 64/180/45 59/179/45 57/178/45 62/177/45
f 63/184/46 64/183/46 62/182/46 61/181/46
f 62/188/47 57/187/47 58/186/47 61/185/47
f 63/192/48 60/191/48 59/190/48 64/189/48
o cube
v -0.019911764992798935 1.1135056880690688 0.14402355287143465
v -0.019911764092339104 1.111466215153014 0.159514878677339
v -0.04270308071902509 0.985355473402331 0.12715224858467303
v -0.042703079818565255 0.983316000486276 0.14264357439057737
v 0.004708429987970369 1.107162151978696 0.1589482362509586
v 0.004708429087510537 1.109201624894751 0.14345691044505426
v -0.01808288573825578 0.9790119373119581 0.14207693196419696
v -0.018082886638715615 0.981051410228013 0.12658560615829265
vt 0.34375 0.75
vt 0.375 0.75
vt 0.375 0.6875
vt 0.34375 0.6875
vt 0.34375 0.75
vt 0.375 0.75
vt 0.375 0.6875
vt 0.34375 0.6875
vt 0.34375 0.75
vt 0.375 0.75
vt 0.375 0.6875
vt 0.34375 0.6875
vt 0.484375 0.484375
vt 0.5 0.484375
vt 0.5 0.421875
vt 0.484375 0.421875
vt 0.59375 0.703125
vt 0.578125 0.703125
vt 0.578125 0.71875
vt 0.59375 0.71875
vt 0.578125 0.734375
vt 0.5625 0.734375
vt 0.5625 0.71875
vt 0.578125 0.71875
vn 5.762942940912287e-8 -0.1305262666275165 0.9914448515778774
vn -0.9848077632123792 0.17216252697271753 0.022665697055215636
vn -5.762942940912287e-8 0.1305262666275165 -0.9914448515778774
vn 0.9848077632123792 -0.17216252697271753 -0.022665697055215636
vn 0.17364811981886574 0.9763825879370498 0.12854327075627892
vn -0.17364811981886574 -0.9763825879370498 -0.12854327075627892
usemtl m_4caf17b0-2955-e912-246f-39b034351f26
f 68/196/49 71/195/49 69/194/49 66/193/49
f 67/200/50 68/199/50 66/198/50 65/197/50
f 72/204/51 67/203/51 65/202/51 70/201/51
f 71/208/52 72/207/52 70/206/52 69/205/52
f 70/212/53 65/211/53 66/210/53 69/209/53
f 71/216/54 68/215/54 67/214/54 72/213/54
o cube
v 0.018760322278295303 1.108723646561094 0.14402355287143465
v 0.01945225326746158 1.1068051363887064 0.159514878677339
v 0.0407981820933606 0.9804417135914233 0.12715224858467303
v 0.041490113082526876 0.9785232034190359 0.14264357439057737
v 0.044072443591758007 1.1111092210481952 0.1589482362509586
v 0.04338051260259173 1.1130277312205825 0.14345691044505426
v 0.0661103034068233 0.9828272880785246 0.14207693196419696
v 0.06541837241765702 0.984745798250912 0.12658560615829265
vt 0.34375 0.75
vt 0.375 0.75
vt 0.375 0.6875
vt 0.34375 0.6875
vt 0.328125 0.390625
vt 0.34375 0.390625
vt 0.34375 0.328125
vt 0.328125 0.328125
vt 0.34375 0.75
vt 0.375 0.75
vt 0.375 0.6875
vt 0.34375 0.6875
vt 0.34375 0.75
vt 0.375 0.75
vt 0.375 0.6875
vt 0.34375 0.6875
vt 0.59375 0.703125
vt 0.578125 0.703125
vt 0.578125 0.71875
vt 0.59375 0.71875
vt 0.34375 0.390625
vt 0.328125 0.390625
vt 0.328125 0.375
vt 0.34375 0.375
vn 0.04428358330664176 -0.12278465103279225 0.9914448515778774
vn -0.984807612971857 -0.17216338637955028 0.022665697055215626
vn -0.04428358330664176 0.12278465103279225 -0.9914448515778774
vn 0.984807612971857 0.17216338637955028 -0.022665697055215626
vn -0.16790750335287835 0.9773861559593943 0.12854327075627894
vn 0.16790750335287835 -0.9773861559593943 -0.12854327075627894
usemtl m_4caf17b0-2955-e912-246f-39b034351f26
f 76/220/55 79/219/55 77/218/55 74/217/55
f 75/224/56 76/223/56 74/222/56 73/221/56
f 80/228/57 75/227/57 73/226/57 78/225/57
f 79/232/58 80/231/58 78/230/58 77/229/58
f 78/236/59 73/235/59 74/234/59 77/233/59
f 79/240/60 76/239/60 75/238/60 80/237/60
o cube
v -0.12791696534120878 1.111377956735805 -0.018548750000000058
v -0.14340829130017455 1.1093384849823669 -0.018548750000000058
v -0.11098934978767082 0.9827999512763891 -0.018548750000000058
v -0.1264806757466366 0.9807604795229508 -0.018548750000000058
v -0.14340829130017455 1.1093384849823669 0.03457624999999993
v -0.12791696534120875 1.111377956735805 0.03457624999999993
v -0.1264806757466366 0.9807604795229508 0.03457624999999993
v -0.1109893497876708 0.9827999512763891 0.03457624999999993
vt 0.390625 0.8125
vt 0.421875 0.8125
vt 0.421875 0.75
vt 0.390625 0.75
vt 0.59375 0.3125
vt 0.609375 0.3125
vt 0.609375 0.25
vt 0.59375 0.25
vt 0.34375 0.75
vt 0.375 0.75
vt 0.375 0.6875
vt 0.34375 0.6875
vt 0.625 0.3125
vt 0.640625 0.3125
vt 0.640625 0.25
vt 0.625 0.25
vt 0.53125 0.3125
vt 0.5 0.3125
vt 0.5 0.328125
vt 0.53125 0.328125
vt 0.390625 0.328125
vt 0.359375 0.328125
vt 0.359375 0.3125
vt 0.390625 0.3125
vn -0.9914448613738104 -0.13052619222005157 9.872800494744734e-17
vn -9.957992501029598e-17 0 -1
vn 0.9914448613738104 0.13052619222005157 -9.872800494744734e-17
vn 9.957992501029598e-17 0 1
vn -0.13052619222005157 0.9914448613738104 1.2997788433152216e-17
vn 0.13052619222005157 -0.9914448613738104 -1.2997788433152216e-17
usemtl m_4caf17b0-2955-e912-246f-39b034351f26
f 84/244/61 87/243/61 85/242/61 82/241/61
f 83/248/62 84/247/62 82/246/62 81/245/62
f 88/252/63 83/251/63 81/250/63 86/249/63
f 87/256/64 88/255/64 86/254/64 85/253/64
f 86/260/65 81/259/65 82/258/65 85/257/65
f 87/264/66 84/263/66 83/262/66 88/261/66
o cube
v -0.11975907832745554 1.049412652899942 -0.027923750000000025
v -0.13525040428642132 1.0473731811465037 -0.02792375000000002
v -0.11098934978767082 0.9827999512763891 -0.027923750000000025
v -0.1264806757466366 0.9807604795229508 -0.02792375000000002
v -0.13525040428642132 1.0473731811465037 -0.01542375000000007
v -0.11975907832745554 1.049412652899942 -0.01542375000000007
v -0.1264806757466366 0.9807604795229508 -0.01542375000000007
v -0.1109893497876708 0.9827999512763891 -0.01542375000000007
vt 0.34375 0.75
vt 0.375 0.75
vt 0.375 0.6875
vt 0.34375 0.6875
vt 0.09375 0.25
vt 0.109375 0.25
vt 0.109375 0.21875
vt 0.09375 0.21875
vt 0.34375 0.75
vt 0.375 0.75
vt 0.375 0.6875
vt 0.34375 0.6875
vt 0.75 0.875
vt 0.765625 0.875
vt 0.765625 0.84375
vt 0.75 0.84375
vt 0.765625 0.453125
vt 0.75 0.453125
vt 0.75 0.46875
vt 0.765625 0.46875
vt 0.5 0.390625
vt 0.484375 0.390625
vt 0.484375 0.375
vt 0.5 0.375
vn -0.9914448613738104 -0.13052619222005157 9.872800494744734e-17
vn -9.957992501029598e-17 0 -1
vn 0.9914448613738104 0.13052619222005157 -9.872800494744734e-17
vn 9.957992501029598e-17 0 1
vn -0.13052619222005157 0.9914448613738104 1.2997788433152216e-17
vn 0.13052619222005157 -0.9914448613738104 -1.2997788433152216e-17
usemtl m_4caf17b0-2955-e912-246f-39b034351f26
f 92/268/67 95/267/67 93/266/67 90/265/67
f 91/272/68 92/271/68 90/270/68 89/269/68
f 96/276/69 91/275/69 89/274/69 94/273/69
f 95/280/70 96/279/70 94/278/70 93/277/70
f 94/284/71 89/283/71 90/282/71 93/281/71
f 95/288/72 92/287/72 91/286/72 96/285/72
o cube
v -0.12763066044505428 1.109201624894751 0.01037532091248939
v -0.14312198625095862 1.107162151978696 0.010375320012029558
v -0.11075935615829266 0.981051410228013 0.03316663663871554
v -0.12625068196419698 0.9790119373119581 0.033166635738255706
v -0.143688628677339 1.111466215153014 0.03499551409233906
v -0.12819730287143466 1.1135056880690688 0.03499551499279889
v -0.12681732439057736 0.9833160004862761 0.05778682981856521
v -0.11132599858467304 0.985355473402331 0.05778683071902504
vt 0.34375 0.75
vt 0.375 0.75
vt 0.375 0.6875
vt 0.34375 0.6875
vt 0.328125 0.390625
vt 0.34375 0.390625
vt 0.34375 0.328125
vt 0.328125 0.328125
vt 0.34375 0.75
vt 0.375 0.75
vt 0.375 0.6875
vt 0.34375 0.6875
vt 0.34375 0.75
vt 0.375 0.75
vt 0.375 0.6875
vt 0.34375 0.6875
vt 0.59375 0.703125
vt 0.578125 0.703125
vt 0.578125 0.71875
vt 0.59375 0.71875
vt 0.484375 0.4375
vt 0.46875 0.4375
vt 0.46875 0.421875
vt 0.484375 0.421875
vn -0.9914448515778774 -0.1305262666275165 -5.762942918360882e-8
vn 0.022665697055215418 -0.17216252697271753 -0.9848077632123792
vn 0.9914448515778774 0.1305262666275165 5.762942918360882e-8
vn -0.022665697055215418 0.17216252697271753 0.9848077632123792
vn -0.12854327075627894 0.9763825879370498 -0.17364811981886571
vn 0.12854327075627894 -0.9763825879370498 0.17364811981886571
usemtl m_4caf17b0-2955-e912-246f-39b034351f26
f 100/292/73 103/291/73 101/290/73 98/289/73
f 99/296/74 100/295/74 98/294/74 97/293/74
f 104/300/75 99/299/75 97/298/75 102/297/75
f 103/304/76 104/303/76 102/302/76 101/301/76
f 102/308/77 97/307/77 98/306/77 101/305/77
f 103/312/78 100/311/78 99/310/78 104/309/78
o cube
v -0.12763066044505428 1.1130277312205825 -0.02829676260259182
v -0.1431219862509586 1.1111092210481952 -0.028988693591758093
v -0.11075935615829266 0.984745798250912 -0.05033462241765711
v -0.12625068196419698 0.9828272880785246 -0.0510265534068234
v -0.143688628677339 1.1068051363887064 -0.004368503267461649
v -0.12819730287143466 1.108723646561094 -0.0036765722782953723
v -0.12681732439057739 0.9785232034190359 -0.026406363082526946
v -0.11132599858467304 0.9804417135914233 -0.02571443209336067
vt 0.34375 0.75
vt 0.375 0.75
vt 0.375 0.6875
vt 0.34375 0.6875
vt 0.34375 0.75
vt 0.375 0.75
vt 0.375 0.6875
vt 0.34375 0.6875
vt 0.34375 0.75
vt 0.375 0.75
vt 0.375 0.6875
vt 0.34375 0.6875
vt 0.34375 0.75
vt 0.375 0.75
vt 0.375 0.6875
vt 0.34375 0.6875
vt 0.59375 0.703125
vt 0.578125 0.703125
vt 0.578125 0.71875
vt 0.59375 0.71875
vt 0.5 0.453125
vt 0.484375 0.453125
vt 0.484375 0.4375
vt 0.5 0.4375
vn -0.9914448515778774 -0.12278465103279222 -0.04428358330664153
vn 0.022665697055215407 0.17216338637955028 -0.984807612971857
vn 0.9914448515778774 0.12278465103279222 0.04428358330664153
vn -0.022665697055215407 -0.17216338637955028 0.984807612971857
vn -0.12854327075627892 0.9773861559593942 0.16790750335287838
vn 0.12854327075627892 -0.9773861559593942 -0.16790750335287838
usemtl m_4caf17b0-2955-e912-246f-39b034351f26
f 108/316/79 111/315/79 109/314/79 106/313/79
f 107/320/80 108/319/80 106/318/80 105/317/80
f 112/324/81 107/323/81 105/322/81 110/321/81
f 111/328/82 112/327/82 110/326/82 109/325/82
f 110/332/83 105/331/83 106/330/83 109/329/83
f 111/336/84 108/335/84 107/334/84 112/333/84
o cube
v 0.053125 1.111377956735805 -0.14095821534120878
v 0.053125 1.1093384849823669 -0.15644954130017458
v 0.053125 0.9827999512763891 -0.12403059978767084
v 0.053125 0.9807604795229508 -0.13952192574663663
v 0 1.1093384849823669 -0.15644954130017458
v 0 1.111377956735805 -0.14095821534120878
v 0 0.9807604795229508 -0.13952192574663663
v 0 0.9827999512763891 -0.12403059978767084
vt 0.34375 0.75
vt 0.375 0.75
vt 0.375 0.6875
vt 0.34375 0.6875
vt 0.5 0.875
vt 0.515625 0.875
vt 0.515625 0.8125
vt 0.5 0.8125
vt 0.34375 0.75
vt 0.375 0.75
vt 0.375 0.6875
vt 0.34375 0.6875
vt 0.5 0.8125
vt 0.515625 0.8125
vt 0.515625 0.75
vt 0.5 0.75
vt 0.53125 0.3125
vt 0.5 0.3125
vt 0.5 0.328125
vt 0.53125 0.328125
vt 0.390625 0.65625
vt 0.359375 0.65625
vt 0.359375 0.640625
vt 0.390625 0.640625
vn 0 -0.13052619222005157 -0.9914448613738104
vn 1 0 0
vn 0 0.13052619222005157 0.9914448613738104
vn -1 0 0
vn 0 0.9914448613738104 -0.13052619222005157
vn 0 -0.9914448613738104 0.13052619222005157
usemtl m_4caf17b0-2955-e912-246f-39b034351f26
f 116/340/85 119/339/85 117/338/85 114/337/85
f 115/344/86 116/343/86 114/342/86 113/341/86
f 120/348/87 115/347/87 113/346/87 118/345/87
f 119/352/88 120/351/88 118/350/88 117/349/88
f 118/356/89 113/355/89 114/354/89 117/353/89
f 119/360/90 116/359/90 115/358/90 120/357/90
o cube
v 0.053544264992798934 1.1135056880690688 -0.14123855287143466
v 0.0535442640923391 1.111466215153014 -0.156729878677339
v 0.07633558071902508 0.985355473402331 -0.12436724858467305
v 0.07633557981856526 0.983316000486276 -0.1398585743905774
v 0.02892407001202963 1.107162151978696 -0.15616323625095863
v 0.028924070912489462 1.109201624894751 -0.14067191044505428
v 0.05171538573825578 0.9790119373119581 -0.13929193196419698
v 0.05171538663871561 0.981051410228013 -0.12380060615829266
vt 0.484375 0.46875
vt 0.5 0.46875
vt 0.5 0.40625
vt 0.484375 0.40625
vt 0.59375 0.703125
vt 0.578125 0.703125
vt 0.578125 0.71875
vt 0.59375 0.71875
vt 0.34375 0.75
vt 0.375 0.75
vt 0.375 0.6875
vt 0.34375 0.6875
vt 0.328125 0.390625
vt 0.34375 0.390625
vt 0.34375 0.328125
vt 0.328125 0.328125
vt 0.59375 0.703125
vt 0.578125 0.703125
vt 0.578125 0.71875
vt 0.59375 0.71875
vt 0.578125 0.8125
vt 0.5625 0.8125
vt 0.5625 0.796875
vt 0.578125 0.796875
vn -5.762942928422278e-8 -0.1305262666275165 -0.9914448515778774
vn 0.9848077632123792 0.1721625269727175 -0.02266569705521551
vn 5.762942928422278e-8 0.1305262666275165 0.9914448515778774
vn -0.9848077632123792 -0.1721625269727175 0.02266569705521551
vn -0.17364811981886574 0.9763825879370498 -0.12854327075627892
vn 0.17364811981886574 -0.9763825879370498 0.12854327075627892
usemtl m_4caf17b0-2955-e912-246f-39b034351f26
f 124/364/91 127/363/91 125/362/91 122/361/91
f 123/368/92 124/367/92 122/366/92 121/365/92
f 128/372/93 123/371/93 121/370/93 126/369/93
f 127/376/94 128/375/94 126/374/94 125/373/94
f 126/380/95 121/379/95 122/378/95 125/377/95
f 127/384/96 124/383/96 123/382/96 128/381/96
o cube
v 0.0148721777217047 1.108723646561094 -0.14123855287143466
v 0.014180246732538423 1.1068051363887064 -0.156729878677339
v -0.007165682093360599 0.9804417135914233 -0.12436724858467305
v -0.007857613082526875 0.9785232034190359 -0.1398585743905774
v -0.010439943591758 1.1111092210481952 -0.15616323625095863
v -0.009748012602591723 1.1130277312205825 -0.14067191044505428
v -0.0324778034068233 0.9828272880785246 -0.13929193196419698
v -0.03178587241765703 0.984745798250912 -0.12380060615829266
vt 0.34375 0.75
vt 0.375 0.75
vt 0.375 0.6875
vt 0.34375 0.6875
vt 0.34375 0.75
vt 0.375 0.75
vt 0.375 0.6875
vt 0.34375 0.6875
vt 0.34375 0.75
vt 0.375 0.75
vt 0.375 0.6875
vt 0.34375 0.6875
vt 0.34375 0.75
vt 0.375 0.75
vt 0.375 0.6875
vt 0.34375 0.6875
vt 0.59375 0.703125
vt 0.578125 0.703125
vt 0.578125 0.71875
vt 0.59375 0.71875
vt 0.578125 0.78125
vt 0.5625 0.78125
vt 0.5625 0.765625
vt 0.578125 0.765625
vn -0.044283583306641644 -0.12278465103279224 -0.9914448515778774
vn 0.984807612971857 -0.1721633863795503 -0.022665697055215504
vn 0.044283583306641644 0.12278465103279224 0.9914448515778774
vn -0.984807612971857 0.1721633863795503 0.022665697055215504
vn 0.16790750335287838 0.9773861559593943 -0.12854327075627894
vn -0.16790750335287838 -0.9773861559593943 0.12854327075627894
usemtl m_4caf17b0-2955-e912-246f-39b034351f26
f 132/388/97 135/387/97 133/386/97 130/385/97
f 131/392/98 132/391/98 130/390/98 129/389/98
f 136/396/99 131/395/99 129/394/99 134/393/99
f 135/400/100 136/399/100 134/398/100 133/397/100
f 134/404/101 129/403/101 130/402/101 133/401/101
f 135/408/102 132/407/102 131/406/102 136/405/102
o cube
v 0.0031250000000000028 1.049412652899942 -0.13280032832745556
v 0.0031250000000000028 1.0473731811465037 -0.14829165428642135
v 0.0031250000000000028 0.9827999512763891 -0.12403059978767084
v 0.0031250000000000028 0.9807604795229508 -0.13952192574663663
v -0.009375000000000001 1.0473731811465037 -0.14829165428642135
v -0.009375000000000001 1.049412652899942 -0.13280032832745556
v -0.009375000000000001 0.9807604795229508 -0.13952192574663663
v -0.009375000000000001 0.9827999512763891 -0.12403059978767084
vt 0.34375 0.75
vt 0.375 0.75
vt 0.375 0.6875
vt 0.34375 0.6875
vt 0.53125 0.4375
vt 0.546875 0.4375
vt 0.546875 0.40625
vt 0.53125 0.40625
vt 0.34375 0.75
vt 0.375 0.75
vt 0.375 0.6875
vt 0.34375 0.6875
vt 0.65625 0.625
vt 0.671875 0.625
vt 0.671875 0.59375
vt 0.65625 0.59375
vt 0.265625 0.234375
vt 0.25 0.234375
vt 0.25 0.25
vt 0.265625 0.25
vt 0.546875 0.75
vt 0.53125 0.75
vt 0.53125 0.734375
vt 0.546875 0.734375
vn 0 -0.13052619222005157 -0.9914448613738104
vn 1 0 0
vn 0 0.13052619222005157 0.9914448613738104
vn -1 0 0
vn 0 0.9914448613738104 -0.13052619222005157
vn 0 -0.9914448613738104 0.13052619222005157
usemtl m_4caf17b0-2955-e912-246f-39b034351f26
f 140/412/103 143/411/103 141/410/103 138/409/103
f 139/416/104 140/415/104 138/414/104 137/413/104
f 144/420/105 139/419/105 137/418/105 142/417/105
f 143/424/106 144/423/106 142/422/106 141/421/106
f 142/428/107 137/427/107 138/426/107 141/425/107
f 143/432/108 140/431/108 139/430/108 144/429/108
o pyramid
v 0.015625 0.25 -7.654042494670958e-17
v 0.15625 1 -0.14062499999999997
v 0.15625 1 0.14062500000000003
v -0.125 1 -0.14062499999999997
v -0.125 1 0.14062500000000003
v -0.087663125 0.913131875 0.103283125
v 0.1188075 0.912715625 0.103218125
v -0.0876725 0.913189375 -0.1032975
v 0.118814375 0.91275625 -0.10323
vt 0.434460625 0.664434375
vt 0.382816875 1
vt 0.33122625 0.6646468750000001
vt 0.6219625 0.66440625
vt 0.5703125 1
vt 0.518671875 0.664434375
vt 0.4031746875 0.25839687499999997
vt 0.3515653125 0.59375
vt 0.2999496875 0.258378125
vt 0.5359665625 0.352125
vt 0.4843728125 0.6875
vt 0.4327228125 0.35190625
vt 0.3125 0.6171671875
vt 0.453125 0.6171546875
vt 0.434460625 0.664434375
vt 0.33122625 0.6646468750000001
vt 0.5 0.617159375
vt 0.640625 0.617159375
vt 0.6219625 0.66440625
vt 0.518671875 0.664434375
vt 0.5359665625 0.352125
vt 0.4327228125 0.35190625
vt 0.4140625 0.3046559375
vt 0.5546875 0.30466593750000004
vt 0.6875 0.59375
vt 0.53125 0.59375
vt 0.53125 0.4375
vt 0.6875 0.4375
vt 0.4031746875 0.25839687499999997
vt 0.2999496875 0.258378125
vt 0.28125 0.21091375
vt 0.421875 0.210905
vn 8.083127306591027e-7 -0.15389495750538082 0.9880872137892303
vn -0.9880860142787873 -0.15390265879004847 0.000002003593044790855
vn 0.9880952461804184 -0.15384337642138993 0.0000026314971393979746
vn 1.7722027722451277e-7 -0.15390293652569717 -0.9880859710211131
vn 0 -0.39492582896343414 0.9187130072103826
vn -0.9186732919437969 -0.3950182054907688 -4.8375778095920145e-17
vn -0.0005287041352276552 -0.3952100045246265 -0.9185906448443629
vn 0 1 1.2246467991473532e-16
vn 0.9189643163066195 -0.39434069425624213 -0.000046995878647756684
usemtl m_4caf17b0-2955-e912-246f-39b034351f26
f 150/433/109 145/434/109 151/435/109
f 152/436/110 145/437/110 150/438/110
f 151/439/111 145/440/111 153/441/111
f 153/442/112 145/443/112 152/444/112
f 147/445/113 149/446/113 150/447/113 151/448/113
f 149/449/114 148/450/114 152/451/114 150/452/114
f 153/453/115 152/454/115 148/455/115 146/456/115
f 147/457/116 146/458/116 148/459/116 149/460/116
f 151/461/117 153/462/117 146/463/117 147/464/117